0.115916
0.111625
0.111437
0.111527
0.111304
0.112088
0.112029
0.112875
0.1117
0.108729
0.107299
0.107178
0.107326
0.109592
0.110548
0.112397
0.113957
0.114651
0.115501
0.11755
0.117253
0.11835
0.119428
0.12047
0.123029
0.12605
0.127151
0.129514
0.132935
0.132892
0.133445
0.135044
0.135067
0.13591
0.136572
0.137078
0.13756
0.139409
0.140757
0.142121
0.144116
0.145374
0.146796
0.146988
0.149265
0.148971
0.148896
0.148677
0.14807
0.14778
0.148896
0.150131
0.152306
0.153509
0.1553
0.157541
0.158211
0.159994
0.161723
0.162416
0.162812
0.161401
0.160218
0.159042
0.157208
0.156965
0.155966
0.15463
0.154336
0.153744
0.153278
0.154085
0.155844
0.1574
0.157917
0.159959
0.161099
0.162604
0.165242
0.169133
0.170798
0.17313
0.177401
0.180615
0.187723
0.194707
0.19886
0.206706
0.214234
0.217749
0.226068
0.231292
0.233408
0.237303
0.242398
0.244232
0.24828
0.25181
0.253668
0.255964
0.257461
0.257105
0.2558
0.253354
0.253194
0.249926
0.250106
0.24886
0.24683
0.24596
0.247104
0.245842
0.246465
0.247069
0.24844
0.2494
0.24942
0.249302
0.248248
0.246744
0.247018
0.246324
0.247245
0.248429
0.24853
0.248942
0.2506
0.254389
0.256497
0.258417
0.262034
0.262995
0.263935
0.264974
0.265902
0.265804
0.266388
0.26754
0.26796
0.269123
0.269856
0.267873
0.267975
0.266608
0.264801
0.263978
0.263951
0.261631
0.260549
0.260275
0.258805
0.257352
0.257661
0.256866
0.255921
0.255004
0.254185
0.252806
0.252402
0.251583
0.25067
0.250106
0.248958
0.247606
0.247461
0.24699
0.247182
0.247958
0.247112
0.248299
0.24788
0.246986
0.245439
0.245
0.24449
0.243949
0.243722
0.243413
0.243228
0.243624
0.244228
0.243612
0.243338
0.242801
0.242292
0.241794
0.240956
0.240238
0.240156
0.240313
0.240411
0.239784
0.238945
0.238757
0.238404
0.238091
0.238577
0.23842
0.238146
0.238126
0.23813
0.237942
0.237981
0.238087
0.238005
0.237746
0.237409
0.237327
0.237531
0.237413
0.237809
0.237711
0.237836
0.237221
0.237154
0.237068
0.236504
0.236437
0.236563
0.238303
0.237907
0.237911
0.237542
0.237405
0.237205
0.237009
0.236939
0.236696
0.236453
0.236308
0.236088
0.235991
0.236245
0.236104
0.236081
0.236375
0.236151
0.235994
0.235485
0.234862
0.235536
0.237115
0.237393
0.238048
0.23764
0.237621
0.237143
0.23737
0.237295
0.237405
0.237652
0.237374
0.236782
0.236523
0.236316
0.236198
0.235924
0.235849
0.236038
0.236124
0.236038
0.235755
0.236171
0.235951
0.235716
0.235873
0.235681
0.23554
0.235442
0.235802
0.235532
0.235262
0.234823
0.23456
0.236108
0.236853
0.238138
0.239839
0.240575
0.242605
0.245105
0.246504
0.249181
0.25201
0.252238
0.254224
0.254652
0.254001
0.253256
0.251955
0.251697
0.250635
0.248856
0.247755
0.245936
0.244569
0.24364
0.242037
0.24063
0.240215
0.238902
0.238138
0.237652
0.237389
0.236363
0.235932
0.235704
0.236402
0.23603
0.236453
0.23583
0.235603
0.234689
0.234607
0.234164
0.233835
0.233432
0.232656
0.232432
0.233408
0.233247
0.232534
0.231782
0.231825
0.232162
0.232428
0.232158
0.232091
0.232033
0.231872
0.231645
0.231594
0.231617
0.232025
0.232095
0.232115
0.232236
0.232127
0.232244
0.232785
0.234023
0.234897
0.236249
0.238252
0.239557
0.241387
0.242112
0.24259
0.242938
0.24284
0.242848
0.242797
0.242484
0.242249
0.24217
0.242025
0.241955
0.242115
0.242257
0.242151
0.242453
0.242578
0.242684
0.242645
0.24277
0.242746
0.242617
0.242633
0.242809
0.244741
0.244604
0.24413
0.244189
0.243554
0.24346
0.24304
0.24304
0.242692
0.242245
0.241959
0.242492
0.243428
0.245266
0.24632
0.248883
0.250349
0.250498
0.252339
0.254048
0.254695
0.255592
0.256411
0.256564
0.257261
0.258112
0.258621
0.259299
0.259958
0.259985
0.25995
0.260635
0.260463
0.263061
0.266157
0.268011
0.271941
0.275868
0.277549
0.28191
0.285751
0.28829
0.293047
0.299153
0.301845
0.307829
0.311963
0.314146
0.319613
0.323402
0.327901
0.330946
0.335746
0.338183
0.343235
0.350077
0.352648
0.35927
0.365297
0.367488
0.37346
0.379491
0.382113
0.388923
0.393214
0.395624
0.398802
0.402631
0.403454
0.40653
0.40858
0.40983
0.413196
0.414383
0.414795
0.424509
0.423878
0.4244
0.425454
0.428585
0.429133
0.431332
0.433111
0.43362
0.43607
0.438147
0.438625
0.440098
0.441893
0.442755
0.444181
0.445945
0.447015
0.447928
0.449499
0.450283
0.451204
0.452689
0.453034
0.453512
0.461181
0.460722
0.461005
0.46115
0.460828
0.461302
0.461232
0.460824
0.460875
0.461424
0.460926
0.461106
0.460891
0.460538
0.461106
0.460719
0.460436
0.460495
0.460519
0.459911
0.459476
0.460914
0.460577
0.46102
0.460742
0.462999
0.463277
0.464563
0.464096
0.466267
0.470382
0.472859
0.477898
0.48324
0.485289
0.488847
0.492068
0.49393
0.496563
0.499009
0.500274
0.502183
0.5033
0.503566
0.50616
0.508488
0.510988
0.515926
0.524167
0.527537
0.544666
0.547777
0.549313
0.555254
0.55922
0.561081
0.564032
0.565494
0.566238
0.566223
0.567332
0.567167
0.567641
0.567246
0.567908
0.568676
0.569221
0.569244
0.568825
0.568966
0.56915
0.568053
0.569405
0.569432
0.569389
0.574609
0.574013
0.574107
0.573559
0.573394
0.572191
0.571431
0.571184
0.57069
0.569926
0.56926
0.569244
0.568919
0.568601
0.568472
0.568449
0.568014
0.567485
0.56743
0.567187
0.56696
0.566262
0.567375
0.567818
0.568735
0.565086
0.566623
0.567116
0.567931
0.570439
0.57265
0.573461
0.575824
0.578398
0.579315
0.582219
0.584778
0.586036
0.588121
0.59088
0.5924
0.593787
0.595794
0.596914
0.599834
0.602111
0.60311
0.604795
0.608639
0.609486
0.624224
0.627512
0.631101
0.63734
0.640789
0.643896
0.649414
0.651397
0.653489
0.65584
0.659062
0.661256
0.667699
0.688013
0.694295
0.711291
0.715966
0.71807
0.719739
0.722937
0.725488
0.731656
0.731876
0.735313
0.735011
0.786883
0.785218
0.785472
0.785559
0.785128
0.785053
0.784689
0.785073
0.784669
0.787259
0.793439
0.810983
0.815333
0.824272
0.827086
0.829268
0.832995
0.833649
0.835911
0.840374
0.840977
0.841044
0.844826
0.844798
0.845492
0.882167
0.881795
0.881023
0.880537
0.880228
0.881074
0.880945
0.881952
0.881117
0.882563
0.886176
0.887132
0.88707
0.886592
0.887121
0.887183
0.887007
0.886243
0.886607
0.886846
0.886094
0.885675
0.884907
0.884456
0.884452
0.877865
0.877524
0.87848
0.877912
0.877077
0.876916
0.877798
0.878335
0.87991
0.881239
0.881031
0.882058
0.881783
0.880894
0.88165
0.882136
0.881074
0.881117
0.881098
0.881317
0.880373
0.880439
0.879722
0.879851
0.880341
0.890691
0.890926
0.891271
0.890628
0.890389
0.890103
0.890491
0.892176
0.891792
0.892775
0.892948
0.895205
0.896032
0.896514
0.896878
0.899645
0.902557
0.903591
0.904163
0.904586
0.904665
0.907263
0.907678
0.908795
0.910324
0.919709
0.91983
0.919458
0.919321
0.919129
0.919721
0.920128
0.919768
0.920324
0.920681
0.920305
0.920579
0.920853
0.920661
0.920881
0.921092
0.921378
0.921449
0.921457
0.921194
0.921265
0.921406
0.921128
0.921241
0.921253
0.922946
0.922985
0.922726
0.922374
0.922284
0.922824
0.922507
0.922538
0.922546
0.922495
0.922864
0.923063
0.923208
0.923581
0.923146
0.922981
0.923283
0.923228
0.923412
0.923937
0.923698
0.92344
0.923126
0.923236
0.923236
0.925129
0.925121
0.925638
0.926049
0.926269
0.925904
0.925763
0.925748
0.925356
0.925991
0.925603
0.92556
0.925587
0.925501
0.925305
0.92507
0.924933
0.924741
0.924831
0.924799
0.924623
0.9246
0.924525
0.924584
0.924411
0.923067
0.923259
0.923075
0.923193
0.922891
0.922213
0.921978
0.921433
0.921065
0.921292
0.921124
0.920998
0.92063
0.920453
0.920743
0.92052
0.921037
0.921292
0.922221
0.922476
0.92322
0.923412
0.923847
0.924008
0.923973
0.925838
0.925658
0.92574
0.926343
0.926586
0.927002
0.927715
0.927746
0.927727
0.927597
0.927601
0.927836
0.928416
0.928726
0.928785
0.928695
0.928808
0.928891
0.929114
0.929106
0.928808
0.928949
0.929122
0.929036
0.929196
0.929917
0.929784
0.930086
0.929894
0.929855
0.929717
0.929749
0.929913
0.929855
0.92989
0.929898
0.929855
0.92976
0.929717
0.929655
0.929737
0.929686
0.929592
0.929369
0.929306
0.929443
0.929647
0.929749
0.929643
0.929623
0.92987
0.929682
0.929608
0.929721
0.929596
0.929423
0.929588
0.92971
0.929874
0.929909
0.930333
0.930188
0.930117
0.929976
0.929992
0.930113
0.929808
0.93
0.929945
0.930094
0.92996
0.929909
0.929808
0.929549
0.929588
0.929592
0.929663
0.929576
0.929702
0.929549
0.929439
0.929604
0.929572
0.929576
0.929604
0.928808
0.928804
0.928985
0.929032
0.928953
0.929181
0.929361
0.929204
0.929431
0.929455
0.929612
0.929764
0.929776
0.929792
0.929784
0.929717
0.929772
0.929804
0.930109
0.930094
0.93005
0.929921
0.929984
0.929874
0.929835
0.92853
0.928828
0.928949
0.928879
0.928808
0.929083
0.929083
0.929067
0.928863
0.929
0.928949
0.928769
0.928624
0.928381
0.928471
0.928283
0.928064
0.928185
0.928385
0.928479
0.928401
0.928444
0.928365
0.928334
0.928264
0.929231
0.928953
0.929028
0.928992
0.929212
0.929341
0.929157
0.929231
0.929106
0.929036
0.929275
0.929243
0.929365
0.929286
0.929165
0.929055
0.928957
0.928883
0.928938
0.928738
0.928608
0.928358
0.928201
0.928072
0.927852
0.92784
0.928013
0.928075
0.927864
0.92786
0.927774
0.928326
0.92826
0.928612
0.928832
0.928793
0.929118
0.929118
0.928789
0.928879
0.928718
0.928855
0.928977
0.929039
0.929192
0.929435
0.929435
0.929572
0.929521
0.929416
0.92969
0.929369
0.929392
0.929231
0.929345
0.929447
0.927292
0.927546
0.927652
0.927695
0.927852
0.927731
0.927394
0.927742
0.928079
0.92813
0.928224
0.928248
0.927993
0.928087
0.927758
0.927891
0.927993
0.92804
0.927876
0.928001
0.927993
0.928224
0.928154
0.928028
0.927789
0.92746
0.927221
0.927115
0.926814
0.927025
0.927586
0.927307
0.927307
0.927448
0.92739
0.92757
0.927676
0.927621
0.927558
0.927754
0.927993
0.928079
0.928166
0.928052
0.928024
0.927946
0.927864
0.927809
0.928048
0.92806
0.927919
0.928162
0.928024
0.92797
0.928134
0.928189
0.928593
0.928581
0.928616
0.928667
0.928793
0.928777
0.928495
0.928428
0.928487
0.928522
0.928389
0.928475
0.928483
0.928322
0.928514
0.928299
0.928322
0.928318
0.928299
0.928981
0.928891
0.929016
0.929318
0.929271
0.929106
0.928977
0.928796
0.928781
0.928796
0.928601
0.928506
0.928538
0.928651
0.928734
0.928561
0.928471
0.928456
0.928326
0.928373
0.928409
0.928405
0.928424
0.928448
0.928499
0.926837
0.92677
0.926778
0.926763
0.926986
0.926982
0.926868
0.926959
0.926845
0.927135
0.927072
0.927158
0.92699
0.92699
0.926912
0.926727
0.926445
0.926469
0.926524
0.926422
0.926449
0.926743
0.926582
0.926096
0.926504
0.926806
0.926845
0.927072
0.927006
0.926857
0.927366
0.927252
0.926841
0.926845
0.927072
0.927315
0.927166
0.92719
0.927805
0.927923
0.928009
0.928405
0.928546
0.928965
0.928891
0.928569
0.928636
0.928342
0.928456
0.92833
0.927625
0.927629
0.927915
0.927582
0.927809
0.92784
0.927778
0.928271
0.927977
0.928428
0.928358
0.928075
0.927801
0.927981
0.928495
0.928569
0.928765
0.928863
0.928796
0.929083
0.929322
0.929341
0.929353
0.929498
0.929451
0.927879
0.928115
0.928044
0.927993
0.927691
0.927981
0.928068
0.928295
0.928326
0.928162
0.928444
0.928651
0.928499
0.928522
0.928479
0.928554
0.928655
0.928538
0.928601
0.928542
0.928463
0.928456
0.928577
0.928546
0.928565
0.928894
0.928691
0.928471
0.928475
0.928217
0.928036
0.928173
0.928099
0.928361
0.928244
0.927911
0.927954
0.928115
0.928244
0.928166
0.928099
0.928142
0.928079
0.928064
0.928209
0.928103
0.927954
0.927782
0.927825
0.927699
0.928028
0.927966
0.927774
0.927817
0.927723
0.927625
0.927272
0.927323
0.927883
0.927942
0.927997
0.927977
0.928005
0.927993
0.927864
0.927358
0.92688
0.926939
0.926845
0.927029
0.92679
0.926712
0.926825
0.926798
0.926641
0.926575
0.926484
0.926641
0.926966
0.92717
0.92766
0.927456
0.927292
0.927104
0.927319
0.927394
0.927374
0.927256
0.927519
0.927433
0.927723
0.927887
0.927883
0.928134
0.927868
0.928213
0.927985
0.928311
0.928189
0.927993
0.927527
0.927476
0.927256
0.927237
0.927057
0.927366
0.9271
0.92672
0.926551
0.927162
0.926622
0.92623
0.926065
0.926473
0.926673
0.926912
0.926735
0.926531
0.926551
0.926798
0.926625
0.927472
0.927903
0.928189
0.927989
0.928793
0.929032
0.928691
0.928738
0.92862
0.928624
0.928871
0.928914
0.928793
0.928589
0.928871
0.929122
0.929459
0.929706
0.9296
0.929717
0.929557
0.929349
0.929416
0.929314
0.929537
0.929459
0.929423
0.929322
0.929341
0.928902
0.928785
0.928773
0.929008
0.928922
0.928785
0.928318
0.928518
0.927997
0.928083
0.928189
0.927872
0.927476
0.927433
0.927198
0.926814
0.927072
0.927323
0.927178
0.927166
0.927374
0.927429
0.927135
0.926868
0.926994
0.928177
0.928228
0.928205
0.928506
0.928648
0.928702
0.928385
0.928389
0.928479
0.928424
0.928483
0.929094
0.929196
0.929039
0.929079
0.929216
0.929004
0.929039
0.929059
0.92891
0.92911
0.928957
0.9292
0.928887
0.929055
0.92851
0.928185
0.928667
0.929177
0.929102
0.929086
0.929118
0.928773
0.928746
0.92882
0.929239
0.929361
0.929741
0.929706
0.9298
0.929768
0.9298
0.929757
0.930035
0.930113
0.930101
0.93034
0.930078
0.929874
0.930207
0.929427
0.929341
0.928765
0.928714
0.928746
0.929239
0.929768
0.929733
0.929847
0.929604
0.929474
0.929937
0.929992
0.930027
0.929615
0.929549
0.929627
0.929729
0.9296
0.929557
0.929098
0.929263
0.92873
0.928561
0.928679
0.930752
0.930446
0.929431
0.928855
0.928569
0.927832
0.927429
0.92768
0.92755
0.926963
0.926998
0.927621
0.92701
0.927703
0.927213
0.927425
0.927676
0.926739
0.926943
0.927731
0.928201
0.928365
0.928847
0.9292
0.929322
0.929784
0.930301
0.93085
0.9315
0.931759
0.932112
0.931109
0.931928
0.931336
0.93094
0.931591
0.932308
0.931884
0.930615
0.930497
0.931124
0.930129
0.930458
0.930176
0.930329
0.928977
0.928679
0.928659
0.928185
0.927876
0.927797
0.927985
0.928365
0.927492
0.927691
0.929322
0.928667
0.928287
0.928742
0.92672
0.927785
0.927335
0.927021
0.926649
0.927319
0.925877
0.926849
0.9261
0.924862
0.924909
0.923561
0.923295
0.921888
0.922507
0.922178
0.92755
0.927793
0.927793
0.927805
0.92764
0.925822
0.92672
0.926731
0.9269
0.926774
0.926919
0.925646
0.925328
0.92498
0.925395
0.925093
0.923851
0.923404
0.923385
0.923698
0.924106
0.924537
0.925873
0.925951
0.927084
0.926367
0.92786
0.927711
0.928412
0.927899
0.927601
0.926669
0.925199
0.925352
0.925085
0.92563
0.925564
0.926245
0.925814
0.924991
0.924807
0.924451
0.924486
0.923349
0.92255
0.923424
0.922468
0.922574
0.921625
0.921868
0.920783
0.919964
0.918196
0.917252
0.916782
0.915351
0.913031
0.912526
0.913086
0.914148
0.913713
0.913259
0.914011
0.914035
0.914289
0.91416
0.915543
0.915242
0.915692
0.916202
0.916546
0.916174
0.914795
0.913823
0.913012
0.920896
0.920171
0.922354
0.920653
0.920097
0.920289
0.920685
0.919968
0.918886
0.919274
0.91867
0.918557
0.918263
0.917307
0.916958
0.915559
0.914681
0.912314
0.91144
0.90907
0.908164
0.908678
0.909309
0.910563
0.911052
0.910512
0.911515
0.911915
0.912353
0.914544
0.914376
0.916511
0.920093
0.920657
0.923596
0.924392
0.926888
0.928749
0.926876
0.928902
0.926676
0.926904
0.928706
0.928569
0.927809
0.925901
0.925744
0.925654
0.926316
0.926767
0.925234
0.927923
0.929894
0.931132
0.930611
0.931434
0.933319
0.934028
0.934988
0.937269
0.937864
0.938111
0.937982
0.937727
0.937813
0.93924
0.939436
0.939871
0.937598
0.936105
0.934569
0.933746
0.933899
0.934859
0.934635
0.934475
0.936101
0.936752
0.937096
0.936897
0.936473
0.936979
0.937512
0.938327
0.938296
0.940177
0.939244
0.939405
0.940137
0.939322
0.939024
0.938335
0.93933
0.938382
0.937202
0.936317
0.934663
0.932241
0.929678
0.92929
0.927766
0.927946
0.926339
0.924596
0.920136
0.91858
0.918761
0.919164
0.918827
0.917032
0.915375
0.915281
0.913846
0.912671
0.913882
0.914011
0.911244
0.910092
0.910837
0.91182
0.912408
0.909571
0.906397
0.904959
0.902094
0.896224
0.895001
0.891365
0.886811
0.885236
0.881689
0.87839
0.877551
0.874604
0.873131
0.872613
0.872657
0.870983
0.868754
0.86603
0.86438
0.862875
0.86152
0.860818
0.860438
0.857671
0.853325
0.853173
0.845931
0.843243
0.828422
0.825977
0.81163
0.805215
0.793306
0.756603
0.750772
0.737037
0.698896
0.695706
0.684428
0.680646
0.634428
0.631928
0.624157
0.621007
0.617527
0.595625
0.593905
0.588144
0.580753
0.577399
0.573002
0.570439
0.569644
0.562241
0.556638
0.557092
0.549701
0.545073
0.54371
0.556257
0.556622
0.558566
0.562884
0.561595
0.574162
0.579119
0.577646
0.578171
0.586957
0.588297
0.587368
0.584598
0.581537
0.580848
0.573077
0.567112
0.563993
0.55275
0.544725
0.544031
0.536146
0.526526
0.525174
0.518794
0.511666
0.513386
0.507979
0.503115
0.502163
0.503648
0.505106
0.509495
0.510365
0.514444
0.516694
0.521965
0.526851
0.52758
0.531166
0.532173
0.535327
0.535508
0.538651
0.526126
0.527686
0.529218
0.527827
0.524625
0.516635
0.512924
0.511607
0.510726
0.510592
0.511306
0.511204
0.509099
0.503946
0.499369
0.497888
0.49422
0.488428
0.489933
0.477753
0.47318
0.469246
0.461071
0.452223
0.445134
0.421633
0.418463
0.419556
0.411397
0.408576
0.409113
0.402615
0.394825
0.39035
0.377939
0.371767
0.367264
0.357797
0.350469
0.34818
0.337274
0.327329
0.320671
0.310948
0.306332
0.304815
0.300324
0.299552
0.298922
0.298357
0.294513
0.292597
0.286922
0.277216
0.274582
0.26343
0.258911
0.256819
0.253292
0.254173
0.252751
0.252528
0.253151
0.251567
0.25482
0.263527
0.268144
0.276291
0.285465
0.292177
0.303526
0.316195
0.309173
0.320647
0.330875
0.339343
0.348529
0.35987
0.363836
0.37721
0.388167
0.393908
0.407028
0.422037
0.426383
0.437194
0.441705
0.441975
0.453465
0.466652
0.474364
0.503025
0.523269
0.530903
0.542871
0.573496
0.580029
0.590742
0.607973
0.614631
0.604701
0.606817
0.610567
0.610132
0.608863
0.609266
0.603133
0.601683
0.600798
0.591773
0.589241
0.58823
0.5847
0.575914
0.533153
0.530413
0.526412
0.521463
0.511407
0.505666
0.502198
0.491065
0.452681
0.450044
0.442908
0.433695
0.431841
0.424462
0.412444
0.408337
0.401044
0.393845
0.403846
0.399543
0.393504
0.391408
0.378821
0.366673
0.363306
0.347706
0.342674
0.337102
0.33013
0.319601
0.314354
0.303275
0.296997
0.289607
0.280221
0.269786
0.244949
0.23594
0.228917
0.222698
0.21037
0.199664
0.194009
0.175834
0.162679
0.155805
0.14419
0.12585
0.120301
0.109368
0.099489
0.0927919
0.0790097
0.0658035
0.0605955
0.0498973
0.0371575
0.0299509
0.0225876
0.0169917
0.0145346
0.0107844
0.00955389
0.00902878
0.00871528
0.00921688
0.00952254
0.0106041
0.0117915
0.0127359
0.015287
0.0166703
0.0165959
0.0172699
0.0200522
0.0215609
0.0312559
0.0449871
0.0526718
0.067708
0.0839042
0.0924039
0.111845
0.130949
0.140604
0.161632
0.184228
0.192285
0.218674
0.238275
0.258943
0.281801
0.303173
0.326956
0.353525
0.371312
0.377696
0.396804
0.4157
0.430007
0.454503
0.479834
0.492135
0.516737
0.541809
0.557758
0.579327
0.587282
0.588669
0.582956
0.57087
0.578406
0.577015
0.510639
0.508625
0.492805
0.485269
0.44375
0.437359
0.404649
0.400973
0.391255
0.37955
0.374338
0.363502
0.349297
0.343137
0.334131
0.322791
0.32049
0.310768
0.309314
0.304843
0.292703
0.286358
0.282682
0.266094
0.261094
0.256246
0.24587
0.235003
0.232158
0.222581
0.208179
0.203755
0.190745
0.178557
0.172785
0.161538
0.150836
0.143638
0.130322
0.115575
0.108008
0.0960092
0.0860712
0.0816156
0.0710115
0.0601448
0.0546233
0.0460726
0.0387563
0.034336
0.0267376
0.021169
0.0185435
0.0121559
0.0123675
0.0123871
0.0120932
0.0122774
0.0126497
0.0140095
0.017411
0.0197034
0.0251701
0.0309933
0.0345986
0.0419384
0.0496857
0.054059
0.0624334
0.0723596
0.0773834
0.087337
0.100688
0.111598
0.124212
0.136709
0.142956
0.161397
0.17514
0.18964
0.212047
0.246602
0.263006
0.291049
0.316846
0.373973
0.454445
0.496979
0.533125
0.6362
0.747218
0.79657
0.828571
0.849787
0.873542
0.884722
0.889981
0.891192
0.942293
0.942637
0.943504
0.944072
0.941352
0.940823
0.937418
0.940604
0.936669
0.933816
0.933225
0.933327
0.935533
0.937672
0.935909
0.933421
0.906824
0.897932
0.77151
0.667271
0.646588
0.538133
0.501297
0.493134
0.482134
0.435266
0.43712
0.441658
0.43993
0.439146
0.435858
0.433248
0.431943
0.422989
0.419552
0.419047
0.409497
0.400002
0.398219
0.389617
0.353122
0.347075
0.33778
0.327532
0.307892
0.29331
0.282972
0.278403
0.268677
0.241273
0.232084
0.219112
0.205714
0.200122
0.182574
0.166347
0.160265
0.147501
0.131634
0.125874
0.114725
0.101111
0.0974081
0.0881834
0.0790763
0.0751615
0.0658466
0.0564416
0.0536515
0.0483455
0.0434823
0.0411781
0.0383174
0.0363071
0.0352021
0.0366363
0.0318672
0.0298961
0.0264593
0.0229521
0.0206518
0.0173639
0.0146012
0.0147854
0.0150636
0.0140879
0.0137273
0.0122892
0.0109215
0.0116347
0.0120423
0.0118189
0.0119757
0.012489
0.0116504
0.0112781
0.0120188
0.0126575
0.0125988
0.0126497
0.0134178
0.012732
0.0133707
0.0128809
0.013406
0.0133002
0.0120619
0.0125439
0.0111135
0.0128339
0.013214
0.0134648
0.0126967
0.0125988
0.0128143
0.013022
0.0134178
0.0142838
0.0142211
0.0145503
0.0147697
0.0143112
0.0154712
0.0156044
0.0159336
0.0162001
0.01553
0.016349
0.0165175
0.0175481
0.0223133
0.0256168
0.0323845
0.0421774
0.0454143
0.0538239
0.0607326
0.0650903
0.0714504
0.0772266
0.0801265
0.0846213
0.087141
0.0880698
0.0909775
0.0938107
0.0944025
0.0955546
0.0969732
0.0982899
0.100367
0.101695
0.103271
0.105434
0.106602
0.108134
0.110653
0.11063
0.111425
0.111331
0.112664
0.113224
0.116845
0.123052
0.125368
0.130188
0.132963
0.133386
0.13636
0.141122
0.141749
0.145417
0.146921
0.147921
0.149457
0.156687
0.15579
0.152643
0.147572
0.146639
0.138355
0.13424
0.131627
0.126407
0.12306
0.119765
0.113122
0.11025
0.10976
0.104677
0.101864
0.101413
0.0985015
0.0964441
0.0953586
0.0925254
0.090758
0.0889045
0.085887
0.0831439
0.085264
0.0820232
0.075616
0.0725163
0.0678491
0.0619906
0.0590593
0.0529814
0.0491528
0.0469426
0.0421225
0.0406099
0.039062
0.0367539
0.0380549
0.0382391
0.037134
0.0354058
0.0344105
0.0310325
0.0279445
0.0276389
0.0266357
0.0260322
0.0249937
0.0244921
0.0242805
0.0241042
0.0236849
0.0219175
0.0206792
0.020303
0.0200875
0.0198954
0.020158
0.0200757
0.0205146
0.0214434
0.0214512
0.0221095
0.0221683
0.0229521
0.0228659
0.0233949
0.0240062
0.0238377
0.0226072
0.025366
0.0291437
0.0386584
0.0503245
0.0544431
0.0640244
0.0736292
0.0758512
0.0800324
0.0912283
0.0937716
0.0942105
0.114506
0.117351
0.116281
0.116089
0.117566
0.112515
0.110336
0.109302
0.106731
0.105982
0.107546
0.107103
0.110254
0.112013
0.112926
0.106903
0.109019
0.114055
0.120936
0.114886
0.11152
0.104431
0.103784
0.0961541
0.0857577
0.0849857
0.0811885
0.0765134
0.0737272
0.0670967
0.0624255
0.0599842
0.0553365
0.0488745
0.0458101
0.0403238
0.0331957
0.0304917
0.0294062
0.0306289
0.0323727
0.0352177
0.0360407
0.0360211
0.0373182
0.0399281
0.0410096
0.0436704
0.0462294
0.046825
0.0488706
0.0500227
0.0513825
0.0537063
0.0560145
0.0568217
0.0580797
0.0591456
0.059945
0.0617672
0.0636129
0.0636325
0.0652079
0.067563
0.0687621
0.0707568
0.0736919
0.0750086
0.0761137
0.0764664
0.0754279
0.0708822
0.0640087
0.0617829
0.0574291
0.0549917
0.050685
0.0469034
0.0419423
0.0397439
0.0364717
0.0362679
0.0369576
0.0369302
0.0347945
0.034579
0.0309149
0.0282345
0.0258284
0.0224113
0.0190843
0.01852
0.0180928
0.0183593
0.018857
0.0191587
0.0200914
0.0196917
0.0206126
0.0213493
0.0212631
0.022184
0.0224348
0.0227013
0.023293
0.0242139
0.0240728
0.0246019
0.0251662
0.026091
0.0269413
0.0273842
0.0281366
0.0329174
0.0397595
0.0420677
0.0482201
0.0571
0.0613714
0.0690561
0.0714308
0.0717717
0.0715954
0.0728024
0.0743424
0.0786531
0.0800324
0.0806007
0.0861692
0.0871528
0.0867178
0.087772
0.0892924
0.0898371
0.0917534
0.093074
0.0941673
0.0952607
0.0976825
0.0986425
0.100696
0.104803
0.105908
0.108835
0.110763
0.11197
0.107836
0.107965
0.108381
0.108024
0.111433
0.109494
0.108157
0.110681
0.112092
0.111398
0.111586
0.113028
0.110842
0.1059
0.103694
0.100085
0.0941007
0.093172
0.08883
0.0837631
0.0791311
0.0742405
0.0668694
0.0623511
0.0543098
0.0473384
0.0437331
0.0374945
0.0312206
0.0280582
0.0215805
0.0158396
0.0133629
0.00924823
0.00632093
0.00512963
0.00382469
0.00316634
0.00307229
0.00301351
0.00302919
0.00302527
0.00294689
0.00291554
0.00282933
0.00402063
0.0039109
0.00396968
0.00383645
0.00393833
0.00397752
0.0039305
0.00377767
0.00373848
0.00377767
0.0037855
0.0037228
0.00355822
0.00344849
0.003472
0.00340147
0.00340147
0.00340147
0.00338187
0.00343674
0.00350335
0.0035974
0.00360524
0.00356997
0.00353079
0.00368362
0.00347592
0.00338187
0.00338187
0.00332309
0.00342498
0.00345241
0.0033662
0.0031154
0.00314675
0.00319377
0.00332701
0.00339363
0.00431845
0.00892689
0.0152361
0.0184965
0.0234889
0.0287988
0.0319691
0.0355273
0.0381685
0.0397478
0.0421108
0.0436313
0.0454182
0.0499169
0.0576447
0.0625196
0.0730493
0.0821642
0.0869255
0.0981174
0.109462
0.114968
0.131834
0.141757
0.146659
0.165516
0.174282
0.179631
0.200906
0.211941
0.214696
0.219767
0.224179
0.226734
0.233259
0.238079
0.241869
0.249812
0.252563
0.256274
0.253401
0.259327
0.257457
0.257089
0.257418
0.259072
0.260228
0.260651
0.262152
0.26265
0.261172
0.274951
0.262105
0.260694
0.260541
0.254895
0.247551
0.231602
0.22994
0.22878
0.226727
0.221189
0.208207
0.206204
0.203006
0.200761
0.204472
0.199679
0.193997
0.191587
0.183758
0.177002
0.17409
0.16697
0.16202
0.160233
0.153775
0.148324
0.144942
0.138049
0.13089
0.127492
0.120462
0.111359
0.106986
0.0966322
0.0875408
0.0851621
0.0770542
0.0708195
0.0695381
0.0699221
0.0703218
0.0697771
0.0700005
0.0699534
0.065584
0.0661131
0.0670771
0.067418
0.0677394
0.0685192
0.0687935
0.0714935
0.0750439
0.0776303
0.0826854
0.0885831
0.0913968
0.0964833
0.100602
0.0993518
0.10496
0.10813
0.109298
0.110904
0.113334
0.113957
0.11614
0.11804
0.119859
0.121457
0.124185
0.127014
0.129706
0.134487
0.135526
0.136392
0.137536
0.138696
0.138641
0.139805
0.139879
0.140134
0.140103
0.141133
0.14084
0.140949
0.140969
0.14178
0.142254
0.142932
0.143163
0.143465
0.144621
0.14441
0.144218
0.144194
0.144782
0.147078
0.148038
0.149461
0.150546
0.151024
0.152756
0.155147
0.155547
0.157831
0.159838
0.160676
0.16001
0.160806
0.160045
0.159168
0.158858
0.160061
0.159802
0.160888
0.16175
0.162197
0.16338
0.163219
0.1634
0.163807
0.164007
0.164983
0.165994
0.166178
0.166378
0.166566
0.166343
0.166104
0.166198
0.16601
0.166378
0.166186
0.165927
0.167456
0.167248
0.167189
0.167608
0.167616
0.167636
0.168083
0.16838
0.168157
0.168733
0.168839
0.169129
0.169423
0.169203
0.169525
0.169858
0.169411
0.169137
0.168678
0.168451
0.168408
0.168522
0.168314
0.168631
0.168412
0.171888
0.172135
0.172523
0.172052
0.172225
0.171892
0.171363
0.17072
0.169482
0.169098
0.169203
0.169274
0.169474
0.170011
0.172601
0.175607
0.177006
0.179757
0.181653
0.181712
0.180141
0.178091
0.177237
0.175313
0.173561
0.171688
0.170751
0.170301
0.17043
0.171006
0.171367
0.171531
0.172178
0.172773
0.173541
0.174255
0.174376
0.174529
0.173835
0.1734
0.17311
0.172107
0.173204
0.173428
0.175121
0.17719
0.17862
0.180775
0.181547
0.182221
0.184624
0.185552
0.185905
0.186097
0.187343
0.187719
0.187904
0.18759
0.187598
0.18527
0.185552
0.18576
0.185972
0.185768
0.186462
0.185635
0.186293
0.186418
0.186195
0.186105
0.186293
0.187038
0.187806
0.187861
0.187798
0.188296
0.188154
0.187825
0.187578
0.18768
0.187398
0.187136
0.18674
0.185635
0.185815
0.185807
0.186168
0.186834
0.187281
0.187743
0.187136
0.186524
0.186642
0.187504
0.188162
0.190545
0.192065
0.192673
0.19397
0.193942
0.196423
0.195882
0.196337
0.196419
0.198453
0.201043
0.203026
0.205793
0.20899
0.210527
0.214555
0.219657
0.221511
0.226115
0.230767
0.23329
0.23853
0.241618
0.243146
0.24808
0.253723
0.256536
0.265408
0.27211
0.280547
0.29891
0.305082
0.307911
0.318022
0.325675
0.329104
0.337866
0.35764
0.364796
0.375427
0.383692
0.388872
0.406879
0.426273
0.438284
0.451321
0.468658
0.476919
0.483694
0.489494
0.495885
0.526918
0.58914
0.625768
0.652404
0.808374
0.808095
0.81241
0.817285
0.83314
0.859619
0.872825
0.887277
0.898826
0.907345
0.910743
0.914207
0.920081
0.92989
0.934702
0.939867
0.943907
0.9456
0.947336
0.947548
0.948422
0.948504
0.949002
0.948982
0.948692
0.960233
0.959088
0.957776
0.957152
0.956353
0.955056
0.955746
0.954264
0.953336
0.953422
0.952281
0.951137
0.950616
0.950495
0.949683
0.94868
0.948175
0.948151
0.947955
0.947987
0.947736
0.947661
0.947575
0.947407
0.94705
0.947673
0.947026
0.946254
0.94716
0.947222
0.946505
0.947105
0.946537
0.946576
0.946113
0.945749
0.945745
0.944891
0.944291
0.94435
0.944499
0.943935
0.943778
0.944001
0.943982
0.943308
0.942606
0.941971
0.941666
0.941117
0.938848
0.939514
0.939357
0.93866
0.93855
0.937488
0.937265
0.936885
0.936579
0.937002
0.937104
0.936916
0.936885
0.936979
0.936074
0.935772
0.935388
0.934455
0.93442
0.934612
0.934314
0.934455
0.934502
0.934122
0.934197
0.93297
0.931728
0.931301
0.931269
0.930505
0.930219
0.930297
0.929369
0.928898
0.928734
0.927652
0.927057
0.92677
0.926625
0.925728
0.925501
0.9261
0.926241
0.926269
0.926908
0.92726
0.927366
0.927135
0.927151
0.927221
0.928561
0.928651
0.928326
0.92757
0.927719
0.927053
0.92572
0.924694
0.924603
0.924114
0.92382
0.924121
0.925015
0.924893
0.924376
0.924713
0.925528
0.925258
0.925148
0.925446
0.924913
0.923467
0.923036
0.922695
0.921829
0.920947
0.920418
0.920422
0.920179
0.919826
0.919752
0.919223
0.918122
0.917589
0.917197
0.916813
0.916836
0.917126
0.917322
0.91704
0.916672
0.916582
0.916703
0.916829
0.916754
0.916417
0.916327
0.916331
0.916159
0.9159
0.916159
0.915982
0.916162
0.916006
0.916339
0.916437
0.916613
0.916433
0.916582
0.916813
0.916382
0.916499
0.916554
0.916362
0.916229
0.915943
0.915488
0.915535
0.914948
0.914266
0.913698
0.913431
0.912373
0.912416
0.912483
0.915171
0.914897
0.914144
0.913686
0.913278
0.913267
0.912244
0.912052
0.91195
0.911625
0.911969
0.91233
0.912608
0.91231
0.91235
0.911942
0.912142
0.912377
0.912479
0.912385
0.912087
0.912185
0.912255
0.911962
0.911934
0.910711
0.910802
0.910915
0.91068
0.910766
0.910492
0.910374
0.910249
0.910128
0.910327
0.910371
0.910226
0.910237
0.910406
0.910061
0.909555
0.909516
0.90963
0.909461
0.909465
0.909383
0.909457
0.90936
0.909187
0.909046
0.908897
0.908815
0.909093
0.909117
0.909215
0.90896
0.909077
0.90916
0.909011
0.908983
0.908595
0.908544
0.908764
0.908619
0.908662
0.909019
0.909371
0.909528
0.909344
0.909328
0.909375
0.909379
0.909422
0.909062
0.909093
0.910947
0.910614
0.910339
0.910563
0.910806
0.910566
0.910566
0.910343
0.910237
0.910241
0.910045
0.909708
0.909732
0.909736
0.909732
0.909896
0.909818
0.909555
0.90954
0.909305
0.909501
0.909281
0.909203
0.909199
0.909211
0.908615
0.908685
0.909054
0.909073
0.908893
0.908854
0.908972
0.908772
0.908517
0.908486
0.908133
0.908913
0.908642
0.90887
0.908591
0.908803
0.908913
0.908795
0.90878
0.908807
0.908431
0.908638
0.908368
0.908247
0.908576
0.908819
0.908407
0.908172
0.907976
0.907718
0.907424
0.907616
0.907322
0.907796
0.907729
0.908415
0.908125
0.908
0.907929
0.908231
0.908125
0.908258
0.908258
0.908168
0.908278
0.908435
0.908203
0.908462
0.908423
0.908023
0.908701
0.908799
0.908564
0.908823
0.908658
0.908638
0.908529
0.908258
0.908074
0.907831
0.907647
0.907134
0.906867
0.906401
0.906142
0.905746
0.905676
0.90575
0.906487
0.906695
0.906577
0.90693
0.906997
0.906946
0.907138
0.909015
0.909352
0.909524
0.909689
0.909591
0.909755
0.909747
0.909849
0.909912
0.910261
0.910327
0.910727
0.910766
0.910519
0.9105
0.910594
0.910539
0.910523
0.910472
0.910429
0.9103
0.910465
0.91032
0.910359
0.91068
0.909215
0.909508
0.909293
0.909277
0.90923
0.908776
0.908815
0.909042
0.908834
0.908595
0.908521
0.908431
0.908415
0.908219
0.908149
0.908517
0.908454
0.908572
0.908544
0.908411
0.908423
0.908364
0.908223
0.90818
0.908192
0.908795
0.909011
0.908909
0.908866
0.908819
0.908733
0.908721
0.908756
0.90876
0.908662
0.908568
0.908889
0.909062
0.909258
0.90941
0.909371
0.909332
0.909356
0.909454
0.909418
0.909485
0.909418
0.909058
0.909211
0.909265
0.910484
0.91059
0.910661
0.910672
0.910731
0.910762
0.910594
0.910672
0.910296
0.910421
0.9105
0.910484
0.910398
0.910441
0.910469
0.910472
0.910531
0.910708
0.910759
0.910727
0.910586
0.910614
0.910621
0.910637
0.910414
0.91099
0.910915
0.910668
0.910692
0.910645
0.910645
0.910582
0.910794
0.910602
0.910813
0.910661
0.910837
0.910637
0.910594
0.910633
0.910586
0.910641
0.91061
0.910578
0.910606
0.910688
0.910739
0.910739
0.910649
0.910657
0.912201
0.912001
0.911703
0.911519
0.911487
0.911523
0.911452
0.911276
0.911166
0.911252
0.91099
0.910751
0.910704
0.910523
0.910433
0.910324
0.910269
0.910194
0.910265
0.910339
0.910312
0.91028
0.910163
0.910045
0.910096
0.910829
0.911009
0.91086
0.911072
0.910927
0.910833
0.910602
0.910743
0.910457
0.910429
0.910363
0.910277
0.910339
0.910284
0.910488
0.910457
0.910398
0.910429
0.910374
0.910394
0.910441
0.91041
0.910457
0.910406
0.910516
0.91115
0.910813
0.910994
0.910759
0.910864
0.910641
0.910582
0.910708
0.910519
0.9105
0.910394
0.910269
0.910139
0.91001
0.910057
0.909932
0.909865
0.909892
0.909861
0.909822
0.909877
0.909853
0.909685
0.909622
0.909602
0.910563
0.910657
0.910429
0.910269
0.910308
0.910551
0.910425
0.910512
0.910617
0.909987
0.909959
0.910022
0.910014
0.909967
0.909936
0.909755
0.909755
0.909744
0.909955
0.910241
0.909963
0.91001
0.909951
0.909697
0.909685
0.909732
0.90974
0.909928
0.909967
0.909928
0.909955
0.910053
0.909979
0.910112
0.911115
0.911374
0.911193
0.910825
0.911013
0.91106
0.911299
0.911487
0.911127
0.911205
0.91128
0.911221
0.911311
0.91119
0.911256
0.91088
0.910951
0.910892
0.910641
0.910551
0.910229
0.910335
0.910045
0.909943
0.909744
0.909861
0.90963
0.909673
0.90916
0.909273
0.909168
0.908964
0.908968
0.90925
0.90932
0.908827
0.908709
0.908568
0.908595
0.908783
0.908842
0.908576
0.908635
0.908736
0.908427
0.908223
0.9082
0.908137
0.907996
0.908047
0.910186
0.909861
0.909939
0.909912
0.909755
0.90932
0.909058
0.90907
0.909148
0.909203
0.90903
0.909136
0.909128
0.909089
0.908834
0.909019
0.909054
0.909019
0.909222
0.909034
0.909015
0.909152
0.908972
0.908925
0.908776
0.909708
0.910084
0.909979
0.909865
0.909383
0.910096
0.9099
0.909669
0.909779
0.909736
0.909548
0.909896
0.909465
0.90952
0.909508
0.909238
0.909434
0.909552
0.90943
0.909579
0.909657
0.909579
0.909524
0.909505
0.909622
0.91021
0.909979
0.910045
0.910324
0.910132
0.910402
0.910284
0.910143
0.910182
0.910167
0.910527
0.910374
0.910163
0.910233
0.910598
0.910324
0.91041
0.910324
0.910034
0.910108
0.910241
0.910441
0.910218
0.910249
0.910092
0.910512
0.910711
0.910641
0.910343
0.910586
0.910743
0.910672
0.910747
0.910359
0.909951
0.910065
0.910069
0.909947
0.909908
0.910069
0.910124
0.909983
0.909987
0.910049
0.909865
0.909955
0.910041
0.90999
0.910084
0.910324
0.911468
0.911389
0.911295
0.91135
0.911468
0.911139
0.911248
0.911366
0.911209
0.911244
0.910625
0.911045
0.910888
0.911056
0.911096
0.911111
0.910896
0.9105
0.910179
0.910363
0.909814
0.909728
0.909215
0.908795
0.908301
0.908231
0.909469
0.909532
0.909853
0.910382
0.91032
0.910312
0.910151
0.910104
0.910586
0.910759
0.910708
0.91057
0.910402
0.910386
0.910339
0.910171
0.910206
0.909998
0.910026
0.910124
0.910057
0.909975
0.909979
0.909912
0.910915
0.910919
0.910512
0.910269
0.909943
0.909481
0.90914
0.908862
0.908654
0.908552
0.908591
0.908697
0.908905
0.908646
0.90849
0.908591
0.908631
0.908411
0.908533
0.908317
0.908262
0.907698
0.907796
0.907808
0.906934
0.910202
0.910402
0.9099
0.909892
0.909818
0.909759
0.909728
0.909943
0.910116
0.910045
0.90983
0.909959
0.909932
0.909951
0.910049
0.91003
0.910159
0.910316
0.910006
0.910069
0.910061
0.910108
0.910081
0.909877
0.909924
0.908685
0.908721
0.908458
0.908372
0.908176
0.908117
0.908149
0.908117
0.908039
0.908019
0.907996
0.907827
0.907863
0.90749
0.907181
0.907369
0.907118
0.907102
0.907189
0.907157
0.907251
0.907189
0.906922
0.907044
0.907028
0.909826
0.909414
0.909744
0.909469
0.90932
0.90963
0.909446
0.909642
0.909697
0.909614
0.909379
0.909226
0.908635
0.908541
0.908278
0.908341
0.908329
0.907776
0.907565
0.907647
0.908078
0.907682
0.907667
0.907667
0.907663
0.908685
0.90838
0.908423
0.908309
0.908176
0.908517
0.908415
0.908329
0.907968
0.907949
0.908192
0.90838
0.908121
0.907819
0.907612
0.907647
0.907819
0.907624
0.907541
0.9074
0.907341
0.907322
0.907047
0.907236
0.907189
0.909775
0.909665
0.909665
0.90941
0.909724
0.909508
0.909144
0.908921
0.908874
0.908866
0.908928
0.908878
0.908795
0.908936
0.908646
0.908117
0.908638
0.908474
0.908427
0.908309
0.908364
0.908176
0.908235
0.908156
0.908164
0.91012
0.909928
0.909806
0.909669
0.90952
0.909426
0.909277
0.90923
0.909422
0.909383
0.909234
0.909563
0.909555
0.909505
0.909653
0.909787
0.909704
0.909575
0.909493
0.909595
0.90932
0.909422
0.909555
0.909548
0.909591
0.908827
0.908729
0.908705
0.908576
0.908278
0.908184
0.9082
0.907996
0.90787
0.907964
0.907941
0.908004
0.908015
0.90711
0.907898
0.907255
0.907326
0.907012
0.906507
0.907381
0.907396
0.907816
0.907906
0.907784
0.907745
0.909297
0.909179
0.909144
0.909042
0.908991
0.909015
0.909297
0.909203
0.909246
0.909183
0.909152
0.909015
0.909023
0.908791
0.908486
0.908313
0.908282
0.908337
0.908446
0.908564
0.908372
0.908286
0.908262
0.908098
0.908004
0.908721
0.908736
0.908364
0.908509
0.908478
0.908043
0.908415
0.908027
0.907996
0.907957
0.907855
0.9078
0.907855
0.907804
0.907917
0.908094
0.908
0.907988
0.907816
0.907651
0.907706
0.907859
0.907929
0.907784
0.907855
0.908697
0.908627
0.908678
0.908525
0.908392
0.90847
0.908341
0.908407
0.90845
0.908556
0.908313
0.908533
0.908278
0.908325
0.90827
0.9082
0.908074
0.908027
0.908188
0.908254
0.908321
0.90838
0.908717
0.908885
0.908948
0.908783
0.908399
0.908313
0.907917
0.907804
0.907898
0.907816
0.907745
0.907737
0.907682
0.907576
0.907439
0.907584
0.907522
0.9076
0.907404
0.907404
0.907482
0.907573
0.907479
0.90742
0.907451
0.907475
0.907451
0.907432
0.909309
0.909285
0.909258
0.909383
0.909442
0.909171
0.909258
0.909242
0.90874
0.908552
0.908834
0.908623
0.908541
0.908666
0.908595
0.908564
0.908697
0.90883
0.908827
0.908505
0.90856
0.908541
0.908768
0.909093
0.908995
0.910755
0.910445
0.910147
0.909998
0.9103
0.909975
0.9099
0.909591
0.90945
0.90916
0.908979
0.908729
0.908685
0.908948
0.908858
0.908811
0.908713
0.90858
0.908321
0.907996
0.907945
0.907937
0.907686
0.907753
0.907267
0.909352
0.909238
0.909407
0.908689
0.908392
0.907749
0.907142
0.907388
0.907106
0.906801
0.90653
0.906652
0.906181
0.905441
0.90537
0.90488
0.904661
0.904512
0.904524
0.904567
0.904273
0.903905
0.904163
0.904461
0.90287
0.904375
0.904336
0.904222
0.904861
0.904994
0.904649
0.904755
0.903842
0.902925
0.90218
0.901357
0.900331
0.900915
0.901169
0.90142
0.901683
0.902631
0.905018
0.905311
0.907259
0.909234
0.910418
0.911746
0.912757
0.913055
0.915465
0.914344
0.915148
0.914442
0.913443
0.913317
0.912314
0.910747
0.91057
0.910672
0.911366
0.911832
0.912495
0.911436
0.911605
0.9124
0.911605
0.912095
0.912647
0.913145
0.911303
0.911601
0.912596
0.913114
0.913482
0.913141
0.913035
0.91447
0.915171
0.915598
0.916221
0.917961
0.918525
0.919054
0.918408
0.919141
0.91938
0.919184
0.920293
0.922773
0.925054
0.926042
0.928636
0.930293
0.930642
0.932954
0.932899
0.932445
0.931661
0.930438
0.928554
0.927864
0.926633
0.926575
0.923255
0.920058
0.918698
0.917385
0.916198
0.915273
0.916723
0.914172
0.914317
0.915974
0.916911
0.916339
0.915379
0.91492
0.914121
0.915097
0.917173
0.916605
0.916891
0.917146
0.917565
0.916061
0.917173
0.919027
0.92072
0.92197
0.924047
0.926057
0.92786
0.927731
0.930693
0.932296
0.931888
0.932907
0.933127
0.932809
0.934698
0.936234
0.93545
0.935498
0.934773
0.934377
0.933538
0.936728
0.933248
0.931109
0.927119
0.925944
0.924999
0.922538
0.920787
0.919815
0.917268
0.917514
0.918557
0.919411
0.920693
0.919192
0.917554
0.915931
0.916206
0.917271
0.917271
0.917189
0.918424
0.917961
0.919658
0.919235
0.9188
0.916989
0.915994
0.915144
0.914109
0.915328
0.912655
0.90894
0.907157
0.908905
0.907573
0.90336
0.902396
0.897635
0.897474
0.896012
0.892634
0.887853
0.884538
0.881627
0.878378
0.877618
0.877445
0.876603
0.876924
0.875302
0.876579
0.87549
0.861382
0.861151
0.860846
0.860465
0.86139
0.860998
0.861617
0.863381
0.862045
0.864709
0.866829
0.867135
0.869659
0.868746
0.869714
0.867923
0.865474
0.865963
0.863389
0.863146
0.862464
0.861198
0.858957
0.858098
0.857013
0.857397
0.859497
0.861135
0.864463
0.865191
0.86652
0.86862
0.870113
0.872978
0.861641
0.858753
0.857354
0.85427
0.854133
0.855187
0.854058
0.855489
0.852162
0.846573
0.846229
0.843877
0.834073
0.835382
0.827814
0.790234
0.77354
0.771616
0.767607
0.763594
0.755808
0.748041
0.745772
0.737938
0.730775
0.729873
0.721863
0.719073
0.716162
0.710672
0.683511
0.683699
0.684381
0.683609
0.681837
0.69678
0.700291
0.699409
0.715382
0.723376
0.724242
0.737538
0.768203
0.774884
0.789489
0.808781
0.815404
0.831349
0.842717
0.844967
0.852777
0.851562
0.852675
0.851221
0.853392
0.852228
0.851405
0.848098
0.845049
0.84827
0.844461
0.840531
0.84017
0.839042
0.837388
0.830025
0.809663
0.812837
0.814675
0.812923
0.813617
0.818088
0.818206
0.819867
0.813437
0.817583
0.816129
0.81692
0.816956
0.818954
0.812516
0.81087
0.811015
0.810509
0.811144
0.8071
0.804235
0.800979
0.800579
0.795971
0.79699
0.789654
0.794791
0.796798
0.799427
0.807378
0.81181
0.808174
0.806242
0.805442
0.78557
0.769488
0.771436
0.768884
0.737056
0.738651
0.74065
0.740924
0.701133
0.704257
0.706529
0.704147
0.705648
0.704159
0.705957
0.706271
0.698684
0.701992
0.70236
0.702568
0.703065
0.707442
0.711451
0.716013
0.719195
0.74239
0.763794
0.766047
0.798459
0.81404
0.819389
0.853043
0.864043
0.870435
0.890377
0.896451
0.902043
0.913498
0.922891
0.925395
0.929282
0.936317
0.936058
0.937755
0.93839
0.937966
0.939079
0.938582
0.939502
0.939745
0.942657
0.94442
0.945075
0.946925
0.946897
0.947203
0.946925
0.946458
0.946548
0.946043
0.945949
0.94549
0.945224
0.945106
0.944667
0.943625
0.94404
0.944068
0.942751
0.942289
0.94446
0.942912
0.940537
0.937312
0.935059
0.933142
0.930728
0.928757
0.926594
0.922985
0.918733
0.918557
0.915857
0.912353
0.909936
0.907698
0.904269
0.902498
0.901608
0.904641
0.904532
0.90461
0.90095
0.901875
0.902165
0.901334
0.900002
0.901162
0.897815
0.897321
0.8918
0.888437
0.888802
0.886913
0.889507
0.88984
0.888755
0.886016
0.88531
0.885612
0.884162
0.884103
0.883629
0.885537
0.891153
0.894997
0.897768
0.898724
0.901538
0.902948
0.903595
0.906303
0.907631
0.908948
0.908439
0.908074
0.908145
0.910547
0.91068
0.909434
0.905347
0.902678
0.903336
0.907972
0.910543
0.910888
0.91331
0.916715
0.916578
0.921449
0.923365
0.919168
0.91938
0.921876
0.923103
0.91369
0.905762
0.904383
0.892364
0.887046
0.886592
0.885106
0.881768
0.88263
0.882089
0.881913
0.882148
0.874165
0.872829
0.872151
0.877951
0.886513
0.889503
0.893908
0.895801
0.895162
0.895683
0.895934
0.896357
0.898536
0.899206
0.899786
0.902192
0.902173
0.904281
0.905543
0.90845
0.909744
0.913004
0.914881
0.916492
0.911985
0.906428
0.907714
0.904457
0.899684
0.899128
0.892881
0.892975
0.894786
0.895154
0.889405
0.890479
0.892003
0.8916
0.889684
0.890154
0.870309
0.86344
0.856276
0.850598
0.81297
0.774833
0.753789
0.743761
0.731037
0.66579
0.65211
0.628848
0.612464
0.605775
0.596452
0.592153
0.590582
0.584668
0.585409
0.555674
0.558844
0.558417
0.56335
0.562484
0.562273
0.560161
0.564514
0.570459
0.568907
0.575236
0.585781
0.59182
0.590797
0.597126
0.596946
0.61393
0.632665
0.639205
0.690772
0.708285
0.713383
0.718125
0.743111
0.75009
0.82542
0.830812
0.834923
0.841005
0.84287
0.850092
0.852577
0.862879
0.865191
0.868393
0.857707
0.842047
0.830338
0.820424
0.812022
0.805764
0.802135
0.794772
0.795234
0.786895
0.781824
0.768606
0.761357
0.758896
0.749796
0.715848
0.653713
0.621457
0.606488
0.601272
0.527882
0.510075
0.505721
0.494768
0.457819
0.454644
0.439914
0.426077
0.422425
0.405715
0.376532
0.367876
0.355363
0.3451
0.341428
0.32908
0.314742
0.307155
0.290422
0.280884
0.281981
0.269837
0.259331
0.254166
0.244772
0.235136
0.229086
0.210828
0.19868
0.195306
0.183922
0.169768
0.161758
0.152776
0.146729
0.143218
0.134417
0.126579
0.123276
0.115238
0.106652
0.0995439
0.0891631
0.0767094
0.0718815
0.0621669
0.0515079
0.0461157
0.0359466
0.0269727
0.023246
0.0145268
0.00860164
0.00602702
0.00250408
0.00155966
0.0015479
0.00161844
0.0016106
0.00154007
0.00158317
0.00178695
0.001736
0.00164979
0.0015675
0.00153223
0.00159885
0.00165371
0.0015675
0.00138723
0.00132453
0.0013167
0.00116778
0.00111292
0.00119913
0.00121481
0.00126183
0.00125792
0.0013598
0.00134413
0.00126575
0.00121873
0.00127751
0.00123048
0.00355038
0.00355822
0.00318986
0.00322121
0.00342106
0.00369145
0.00400887
0.00396577
0.00395401
0.00422832
0.0043067
0.00458493
0.00452223
0.00456533
0.00439683
0.00459276
0.00462803
0.00472208
0.00496113
0.00502383
0.00489843
0.00519233
0.00528638
0.00523936
0.00519625
0.00521976
0.00511788
0.00509828
0.0051022
0.00505126
0.00492978
0.00494153
0.00490234
0.00479262
0.00474951
0.00489059
0.00481221
0.00456925
0.0044752
0.00442034
0.00443993
0.00424792
0.00384428
0.00389131
0.00357781
0.00329174
0.00319769
0.00299392
0.00306837
0.00305662
0.00339755
0.00368362
0.00357389
0.00370713
0.00375807
0.00358173
0.00348768
0.0033466
0.00326823
0.00347592
0.0031781
0.00283325
0.00298608
0.00372672
0.00402455
0.00477303
0.00587027
0.00650903
0.00738683
0.00848799
0.0087623
0.00938147
0.00959308
0.00906013
0.00807653
0.00661875
0.00596824
0.00501599
0.00404806
0.00351119
0.00250016
0.00172816
0.00262164
0.00797856
0.0151107
0.0186258
0.0258284
0.0297824
0.0313852
0.0340774
0.0369224
0.0382508
0.0441329
0.0534947
0.0585813
0.0681939
0.07716
0.0815608
0.0881873
0.0947512
0.0964912
0.10012
0.110034
0.112793
0.116673
0.136603
0.139158
0.144468
0.147564
0.148328
0.152772
0.158133
0.158168
0.163447
0.169587
0.16909
0.173291
0.176743
0.175826
0.172252
0.170485
0.169164
0.152267
0.151354
0.151079
0.144774
0.138124
0.136756
0.132116
0.128958
0.128813
0.120388
0.116167
0.115027
0.111821
0.111998
0.110849
0.108628
0.108733
0.108584
0.109031
0.112413
0.116069
0.118562
0.119083
0.11875
0.117695
0.115677
0.116449
0.114482
0.111308
0.111339
0.110168
0.108267
0.108326
0.108134
0.1113
0.112605
0.115607
0.119377
0.12045
0.12105
0.123472
0.12406
0.1281
0.133092
0.133919
0.137399
0.137458
0.138966
0.139115
0.138151
0.137407
0.136047
0.139009
0.136196
0.135291
0.133245
0.133237
0.127496
0.122355
0.118632
0.110461
0.101225
0.0971809
0.0887242
0.0832301
0.0807261
0.0751301
0.0666695
0.0631975
0.0558342
0.0489921
0.0460295
0.0407823
0.037761
0.0359544
0.0325647
0.0289321
0.0268238
0.0223682
0.0195114
0.018955
0.0172699
0.0179322
0.0180772
0.0189118
0.0198954
0.0202089
0.020593
0.0227287
0.0242335
0.0295081
0.0357507
0.0393677
0.0470719
0.056375
0.0617907
0.0721793
0.0827364
0.0873448
0.09838
0.108851
0.113585
0.125121
0.144625
0.147858
0.156832
0.169196
0.182257
0.196501
0.214355
0.219857
0.233314
0.250176
0.256341
0.271577
0.282134
0.284293
0.29157
0.304521
0.310776
0.323927
0.334543
0.339477
0.341636
0.344857
0.346327
0.345449
0.343172
0.341836
0.338924
0.313248
0.31406
0.309146
0.28809
0.287871
0.286903
0.266964
0.264789
0.261059
0.254381
0.252829
0.250051
0.243867
0.241841
0.23748
0.228145
0.224242
0.212862
0.203171
0.198661
0.18944
0.189377
0.186281
0.175223
0.173949
0.17362
0.171939
0.166899
0.167346
0.156248
0.154485
0.151659
0.145656
0.135342
0.132606
0.114741
0.103157
0.0973807
0.0854246
0.0712192
0.0643065
0.0503676
0.0409744
0.0354137
0.0270001
0.0181399
0.0144641
0.00684604
0.00246489
0.00155182
0.000830773
0.000713211
0.000646592
0.000638755
0.000630917
0.000564299
0.000572136
0.000572136
0.000552542
0.000607405
0.000642674
0.000638755
0.000599567
0.000572136
0.000583892
0.000572136
0.000583892
0.000603486
0.000595649
0.000615242
0.000615242
0.000556461
0.000564299
0.000666186
0.00065443
0.000658348
0.000701455
0.000642674
0.000619161
0.000650511
0.000634836
0.000556461
0.000579974
0.00059173
0.000583892
0.000595649
0.000583892
0.000564299
0.000564299
0.00056038
0.000572136
0.000568217
0.000564299
0.000548624
0.000548624
0.000536868
0.000517274
0.000509436
0.000536868
0.000532949
0.000572136
0.000540786
0.000544705
0.000540786
0.000493761
0.000513355
0.000489843
0.000521193
0.000548624
0.000979685
0.000909148
0.00093266
0.000916985
0.000889554
0.000885635
0.00086996
0.000897392
0.000830773
0.000819017
0.000830773
0.000834692
0.000815098
0.000803342
0.000752398
0.000752398
0.000752398
0.000744561
0.000740642
0.000740642
0.00074848
0.000744561
0.000732805
0.000674023
0.000670105
0
0
7.84E-06
7.84E-06
3.53E-05
6.27E-05
6.27E-05
8.23E-05
0.000129318
0.000133237
0.000133237
0.000121481
0.000113643
0.0001254
0.000121481
0.000117562
0.000117562
0.000121481
0.000133237
0.000121481
0.0001254
0.000137156
0.000148912
0.000250799
0.000258637
0.000681861
0.000709292
0.000674023
0.000638755
0.000619161
0.000638755
0.000713211
0.000705373
0.000721048
0.00068578
0.000674023
0.000611324
0.00362092
0.00958916
0.0128887
0.0198327
0.0264241
0.029657
0.0355587
0.0412369
0.0430043
0.0457552
0.0502147
0.0513708
0.0564495
0.0591103
0.0606699
0.0633073
0.0644555
0.0652274
0.0669478
0.0688366
0.0695851
0.0722106
0.0743111
0.075185
0.0772345
0.0793898
0.0803107
0.0815686
0.0823876
0.0838258
0.0863612
0.090613
0.0949315
0.103866
0.114784
0.120564
0.13234
0.142983
0.149755
0.158846
0.177856
0.184279
0.193551
0.200201
0.205401
0.209676
0.23882
0.243224
0.257175
0.267219
0.26899
0.274931
0.282228
0.283356
0.288384
0.29128
0.291503
0.297562
0.296633
0.296723
0.296947
0.296735
0.295606
0.304902
0.303224
0.304083
0.300532
0.29813
0.295649
0.295156
0.293181
0.293964
0.294258
0.296178
0.298099
0.298095
0.299831
0.299317
0.300548
0.302409
0.300223
0.300176
0.298079
0.295881
0.292162
0.288494
0.288474
0.288145
0.28039
0.281671
0.281754
0.282243
0.281601
0.282616
0.286037
0.288623
0.295736
0.303456
0.307602
0.317289
0.326102
0.33046
0.338846
0.348678
0.355375
0.361484
0.340057
0.342635
0.342036
0.345186
0.34557
0.330804
0.330205
0.324785
0.327395
0.330691
0.330887
0.33158
0.334625
0.335903
0.337588
0.342878
0.343627
0.345899
0.344896
0.34557
0.349458
0.348619
0.349352
0.353278
0.356261
0.358667
0.361292
0.362891
0.363432
0.365591
0.366814
0.366849
0.369059
0.370595
0.372351
0.370964
0.370811
0.368828
0.365462
0.363432
0.363636
0.363024
0.362393
0.360975
0.360908
0.360912
0.361684
0.361128
0.359991
0.358976
0.359172
0.359983
0.359392
0.362593
0.36768
0.370685
0.376348
0.381952
0.383688
0.388249
0.392466
0.394868
0.398383
0.401522
0.401863
0.403701
0.407631
0.410457
0.416594
0.42177
0.42429
0.429416
0.437284
0.439949
0.445929
0.4516
0.454578
0.463093
0.46836
0.470257
0.476229
0.48059
0.48398
0.487621
0.493244
0.496563
0.501419
0.506435
0.50723
0.510957
0.512838
0.514554
0.514511
0.516361
0.517395
0.517779
0.517058
0.516474
0.514778
0.515028
0.515585
0.515397
0.516517
0.516811
0.515726
0.516051
0.516137
0.517282
0.518253
0.517983
0.516361
0.514762
0.514076
0.5135
0.514139
0.515757
0.519029
0.522078
0.523473
0.527839
0.530692
0.532624
0.53644
0.540967
0.543557
0.547958
0.550058
0.551096
0.553267
0.554894
0.557241
0.559823
0.573649
0.574256
0.579253
0.582105
0.592471
0.604944
0.616504
0.648634
0.69493
0.719128
0.726437
0.752116
0.807076
0.827948
0.836831
0.845778
0.851774
0.867033
0.870019
0.871638
0.874871
0.876356
0.881728
0.881768
0.884001
0.915598
0.916641
0.917299
0.916597
0.91568
0.918243
0.918404
0.918122
0.918694
0.920011
0.920998
0.922119
0.922903
0.9234
0.923032
0.924341
0.924353
0.924451
0.924792
0.924509
0.924874
0.92523
0.925211
0.924854
0.92496
0.926218
0.926833
0.927182
0.926708
0.927151
0.927252
0.926919
0.927045
0.927013
0.926963
0.926786
0.926206
0.925995
0.925967
0.925951
0.926085
0.926093
0.92594
0.925411
0.925164
0.924878
0.923953
0.923342
0.922922
0.922511
0.919411
0.919294
0.919642
0.919799
0.920069
0.92045
0.920477
0.920904
0.920489
0.920998
0.920955
0.920234
0.919693
0.919219
0.919909
0.920359
0.920516
0.920516
0.920736
0.921574
0.921574
0.921288
0.922158
0.923103
0.923228
0.924995
0.925203
0.924764
0.924658
0.925019
0.92514
0.925411
0.924968
0.924776
0.924858
0.924897
0.925148
0.924835
0.924639
0.924337
0.924
0.923675
0.923561
0.923812
0.923526
0.923381
0.923255
0.923146
0.92313
0.923146
0.924055
0.923828
0.923949
0.923855
0.923945
0.924243
0.92449
0.924039
0.923663
0.923569
0.923659
0.923726
0.923126
0.92284
0.922703
0.922671
0.923103
0.923298
0.923338
0.923518
0.923784
0.924231
0.924611
0.925611
0.925916
0.926563
0.926437
0.926238
0.926418
0.92668
0.926684
0.926868
0.926606
0.925963
0.925321
0.92505
0.9246
0.924353
0.924262
0.923969
0.924443
0.924498
0.924658
0.924682
0.924364
0.924654
0.924447
0.924533
0.924658
0.924893
0.921124
0.92099
0.921316
0.921386
0.921202
0.921276
0.921884
0.921684
0.921849
0.921931
0.922025
0.922648
0.922546
0.922554
0.922233
0.922131
0.921974
0.921943
0.921931
0.921688
0.921923
0.922072
0.922142
0.922197
0.922131
0.919901
0.92041
0.920367
0.920983
0.921378
0.921441
0.92186
0.921802
0.921774
0.921664
0.921461
0.921049
0.920951
0.921147
0.92132
0.921092
0.921202
0.921022
0.920359
0.920493
0.920414
0.920575
0.92045
0.920743
0.920446
0.917683
0.917679
0.917487
0.917201
0.917307
0.91735
0.917224
0.917381
0.917189
0.916993
0.916938
0.916699
0.916566
0.916515
0.916398
0.916637
0.916735
0.916617

